32768,34459.917640
32768,36331.692200
32768,37223.270240
32768,38195.470480
32768,39386.633240
32768,40066.665480
32768,40609.988880
32768,41227.107560

65536,35974.317840
65536,37196.665080
65536,37456.522340
65536,37558.270140
65536,37838.771880
65536,38462.466820
65536,38623.483160
65536,39061.589860

131072,35943.988790
131072,36560.387200
131072,36634.120180
131072,36699.088310
131072,36715.391480
131072,36666.083160
131072,37132.319010
131072,37244.460180

262144,35896.907910
262144,36200.347660
262144,36186.154770
262144,36209.685450
262144,36144.541965
262144,36280.711580
262144,36264.679830
262144,36166.930365

524288,35893.575231
524288,36515.491648
524288,36346.450253
524288,36376.669079
524288,36518.598280
524288,36373.149301
524288,36388.153758
524288,36363.504195

1048576,36139.815059
1048576,36249.115458
1048576,36252.742709
1048576,36326.914589
1048576,36353.236175
1048576,36558.886406
1048576,36327.209112
1048576,36526.881026

2097152,36126.986573
2097152,36153.525892
2097152,36110.836614
2097152,36215.070019
2097152,36107.806116
2097152,36156.217130
2097152,34245.284838
2097152,36088.964440

4194304,36320.280690
4194304,36318.895421
4194304,36662.747812
4194304,36512.003475
4194304,36619.450671
4194304,36620.067791
4194304,36574.317509
4194304,36637.755569

8388608,36465.529795
8388608,36569.772797
8388608,36704.709320
8388608,36634.386664
8388608,36632.636121
8388608,36696.685683
8388608,36622.435818
8388608,36746.360074

16777216,36538.665971
16777216,36606.162115
16777216,36667.657169
16777216,37000.050733
16777216,36694.894778
16777216,36693.366569
16777216,36711.280132
16777216,36823.356223

25165824,37121.692757
25165824,36964.064822
25165824,37043.801051
25165824,37395.199574
25165824,37071.640996
25165824,36837.287114
25165824,37044.503765
25165824,37248.127249

33554432,36837.909093
33554432,36771.107963
33554432,36850.619952
33554432,36765.888353
33554432,36767.235300
33554432,36754.164883
33554432,36774.019904
33554432,36778.789630

67108864,37235.379208
67108864,37023.285862
67108864,37323.842121
67108864,37382.676780
67108864,37303.676484
67108864,37368.413510
67108864,37052.810070
67108864,37364.415770

100663296,37231.053872
100663296,37150.362062
100663296,37274.009826
100663296,37362.369229
100663296,37288.599419
100663296,37497.805667
100663296,37006.779419
100663296,37248.433305

134217728,37415.084895
134217728,37192.210881
134217728,37494.996968
134217728,37560.337539
134217728,37708.764575
134217728,37709.550708
134217728,37264.286714
134217728,37510.489346

268435456,37100.346357
268435456,37010.704165
268435456,37261.010989
268435456,37175.526914
268435456,37185.712559
268435456,37116.843645
268435456,36853.896101
268435456,37086.368713

402653184,37093.172925
402653184,37354.282884
402653184,37173.589753
402653184,37141.138341
402653184,36975.653927
402653184,37324.287518
402653184,37348.193743
402653184,37125.314111

536870912,36530.899070
536870912,36657.602910
536870912,36660.817585
536870912,36627.300212
536870912,36639.914814
536870912,36619.526541
536870912,36646.048250
536870912,36596.181284

