32768,35204.024440
32768,34952.406000
32768,34937.872680
32768,34829.929120
32768,33914.397560
32768,32525.776720
32768,32482.985080
32768,32469.669440
32768,32520.904040
32768,34923.845600

65536,33720.657960
65536,33548.714840
65536,33603.737340
65536,33526.426920
65536,33631.990620
65536,33602.332160
65536,33623.498980
65536,33496.686940
65536,33648.178480
65536,33533.446380

131072,32610.571920
131072,30585.068480
131072,30261.587300
131072,32444.216800
131072,32429.898410
131072,32299.899970
131072,32757.971680
131072,32336.004500
131072,32492.498940
131072,32316.020780

262144,31561.464785
262144,31560.072395
262144,30678.237090
262144,32197.765735
262144,31540.341935
262144,31754.595485
262144,31762.042740
262144,31861.030050
262144,31719.484155
262144,31621.313735

524288,31513.003383
524288,31339.103180
524288,31599.443858
524288,31403.108976
524288,31590.165818
524288,31595.393558
524288,31612.404757
524288,31500.793308
524288,31637.919235
524288,31624.228212

1048576,31517.993747
1048576,31370.474825
1048576,32723.712023
1048576,31605.979935
1048576,31902.206964
1048576,31648.860411
1048576,31639.981693
1048576,31642.566805
1048576,31655.544713
1048576,31628.221047

4194304,31372.199013
4194304,31215.744335
4194304,32118.965862
4194304,31485.233601
4194304,31791.014824
4194304,31487.151021
4194304,31915.847485
4194304,31517.386507
4194304,31708.138849
4194304,31498.423054

8388608,31476.686103
8388608,32481.540162
8388608,31070.096805
8388608,32005.466517
8388608,31510.729672
8388608,31417.926480
8388608,31924.823667
8388608,31503.806216
8388608,31034.295227
8388608,31407.889798

16777216,31958.505889
16777216,31354.906596
16777216,34324.394929
16777216,31530.670261
16777216,31621.114709
16777216,31613.001605
16777216,31659.803170
16777216,31658.864258
16777216,31659.600312
16777216,31619.682797

33554432,31051.888179
33554432,32365.844198
33554432,31142.180727
33554432,31326.783765
33554432,31036.747882
33554432,31191.516764
33554432,31159.537927
33554432,31295.269564
33554432,31166.678206
33554432,31311.471169

134217728,31068.205105
134217728,32235.253381
134217728,31400.579958
134217728,31369.715564
134217728,31455.267322
134217728,31255.404868
134217728,31447.804443
134217728,31239.359875
134217728,31406.731741
134217728,30431.605078

268435456,31064.883357
268435456,33502.919316
268435456,31329.272437
268435456,32040.010725
268435456,31989.366807
268435456,31352.466130
268435456,31507.437678
268435456,31331.458184
268435456,31357.378845
268435456,31266.022207

536870912,31570.009866
536870912,32722.453806
536870912,31723.541101
536870912,31852.518350
536870912,31885.581501
536870912,31714.939136
536870912,31895.261895
536870912,32309.944912
536870912,31808.099497
536870912,32673.078118
