32768,35073.094360
32768,35033.769760
32768,35047.862680
32768,34918.009760
32768,35056.071920
32768,34941.089640
32768,35050.795040
32768,34933.073280
32768,35022.618800
32768,34900.330760

65536,33955.335400
65536,39522.359780
65536,33962.287340
65536,34033.758660
65536,34047.202200
65536,34055.429080
65536,33986.953600
65536,33963.509560
65536,34018.617700
65536,33958.712840

131072,31472.841670
131072,30490.430110
131072,32910.219890
131072,32823.197120
131072,32895.646850
131072,32796.025250
131072,32833.321420
131072,32787.549380
131072,32870.362270
131072,32784.796630

262144,32271.359315
262144,32362.631150
262144,32262.366085
262144,32327.386132
262144,32213.169635
262144,32294.180920
262144,32233.943135
262144,32203.674075
262144,32300.178195
262144,32119.675485

524288,32145.267381
524288,32083.846507
524288,32120.696395
524288,32120.849657
524288,32108.402650
524288,32111.525811
524288,32135.650253
524288,32115.146901
524288,32006.032984
524288,32114.331951

1048576,32390.800892
1048576,32389.731771
1048576,32422.017927
1048576,32320.283572
1048576,32331.868451
1048576,32167.286849
1048576,32333.955614
1048576,32313.333002
1048576,32340.356347
1048576,32307.947911

4194304,32545.104162
4194304,32503.995610
4194304,32530.796788
4194304,32495.903636
4194304,32491.121767
4194304,32533.510603
4194304,32500.972187
4194304,32469.243561
4194304,32483.406971
4194304,31552.517584

8388608,32236.989154
8388608,32475.971697
8388608,33019.175787
8388608,32209.241949
8388608,32454.729216
8388608,32377.447356
8388608,32446.980141
8388608,32397.291400
8388608,32401.780040
8388608,32417.519822

16777216,32506.553140
16777216,34792.410595
16777216,32391.459339
16777216,32259.043492
16777216,31961.819417
16777216,32494.976313
16777216,32610.363182
16777216,32125.074072
16777216,32497.342091
16777216,32486.789853

33554432,32355.500099
33554432,32346.824062
33554432,32485.638600
33554432,32525.639757
33554432,32970.157097
33554432,32522.111626
33554432,33075.320571
33554432,32671.031298
33554432,32469.641953
33554432,32516.130950

134217728,32766.501619
134217728,33027.354626
134217728,32672.416482
134217728,32861.580630
134217728,33659.045471
134217728,32866.774292
134217728,32992.312070
134217728,33339.192251
134217728,32646.376760
134217728,33329.909739

268435456,32935.465186
268435456,33454.246377
268435456,32851.174832
268435456,32615.357864
268435456,33733.353567
268435456,33359.130767
268435456,32768.696648
268435456,33055.192448
268435456,34047.789126
268435456,32624.816809

536870912,33233.520410
536870912,35527.972510
536870912,35442.421377
536870912,33152.770547
536870912,35508.074143
536870912,32742.298801
536870912,33145.295557
536870912,35580.755386
536870912,33226.674287
536870912,35504.822507
