32768,34583.554080
32768,34600.655640
32768,34624.693680
32768,34664.348240
32768,34749.261360
32768,34620.389200
32768,34602.292880
32768,34690.126960

65536,33729.488600
65536,33743.290980
65536,33638.734260
65536,33647.494820
65536,33759.802040
65536,33573.189600
65536,33643.155560
65536,33857.346000

131072,33498.810260
131072,33299.732350
131072,33280.560780
131072,33390.374480
131072,33253.660260
131072,33336.241480
131072,33483.017000
131072,33276.775810

262144,33154.229980
262144,33076.361340
262144,33124.018485
262144,33055.740610
262144,33042.848630
262144,33043.651020
262144,33193.652125
262144,33030.588080

524288,33113.931642
524288,32985.054423
524288,32992.401642
524288,32970.792310
524288,33147.422138
524288,33013.489588
524288,32931.117787
524288,32960.348714

1048576,33117.529744
1048576,32954.743342
1048576,32968.047410
1048576,33216.794121
1048576,33157.425137
1048576,33007.930898
1048576,32944.968454
1048576,33027.096948

2097152,33171.025802
2097152,32920.620899
2097152,33174.871636
2097152,32948.870463
2097152,33198.565488
2097152,32963.961912
2097152,32917.232432
2097152,32954.166940

4194304,33043.687181
4194304,32926.182874
4194304,32929.349332
4194304,32910.906300
4194304,32905.670894
4194304,33070.320801
4194304,33016.579344
4194304,33016.523728

8388608,33124.545692
8388608,32813.474467
8388608,32983.938082
8388608,32848.674828
8388608,32893.321376
8388608,32844.437371
8388608,32935.213248
8388608,33046.132797

16777216,32988.054420
16777216,32976.049691
16777216,32937.798864
16777216,33268.071791
16777216,32938.115754
16777216,32898.591292
16777216,32956.296496
16777216,32913.703522

25165824,33146.039203
25165824,32911.515787
25165824,33502.768438
25165824,33004.861670
25165824,32916.419730
25165824,32867.989283
25165824,32912.925879
25165824,33214.047328

33554432,32986.148419
33554432,32779.697194
33554432,32954.029802
33554432,32751.993753
33554432,32727.250980
33554432,32736.668492
33554432,32788.366950
33554432,32927.442626

67108864,33006.232938
67108864,32887.537235
67108864,32891.879648
67108864,32858.252257
67108864,32845.380480
67108864,33284.702349
67108864,32905.101236
67108864,32903.246671

100663296,33297.321568
100663296,33184.605706
100663296,33118.950018
100663296,33270.963208
100663296,33225.586878
100663296,33161.864909
100663296,33143.018023
100663296,33105.638583

134217728,33469.855510
134217728,33027.244792
134217728,33251.661313
134217728,33182.291951
134217728,33141.052136
134217728,33107.257012
134217728,32978.096541
134217728,33118.488181

268435456,33351.613264
268435456,33079.358311
268435456,33155.293770
268435456,33112.387358
268435456,33113.573154
268435456,33070.681736
268435456,33085.262827
268435456,33083.733611

402653184,33420.922108
402653184,33418.239461
402653184,33178.438486
402653184,33304.856385
402653184,33246.844030
402653184,33169.772814
402653184,33402.276729
402653184,33187.588345

536870912,33421.783345
536870912,33323.081130
536870912,33221.124519
536870912,33094.011672
536870912,33335.563323
536870912,33275.825134
536870912,33208.416252
536870912,33208.704695

