32768,34773.894240
32768,34630.842360
32768,34264.831360
32768,34358.957640
32768,34157.610520
32768,34384.875240
32768,30713.490720
32768,34892.557960

65536,33962.354360
65536,34082.324780
65536,34113.802680
65536,34014.266820
65536,34062.758380
65536,33966.991420
65536,34221.189820
65536,33718.366220

131072,33446.807710
131072,33330.620980
131072,33292.989280
131072,33322.982330
131072,33248.125600
131072,33350.854150
131072,33371.315630
131072,33400.701940

262144,33119.953495
262144,33031.390255
262144,33059.334345
262144,33025.312675
262144,32349.209465
262144,33148.006130
262144,33117.980035
262144,33205.276830

524288,33340.097044
524288,32912.099123
524288,32986.976046
524288,32918.187787
524288,32945.675762
524288,33121.988633
524288,33067.318574
524288,32924.466077

1048576,32975.240062
1048576,33191.470084
1048576,32836.724810
1048576,32877.664137
1048576,32838.301986
1048576,32832.045511
1048576,32864.078401
1048576,32839.579280

2097152,32964.384011
2097152,32879.382285
2097152,32892.714157
2097152,32854.391085
2097152,32792.788249
2097152,33017.413113
2097152,32816.201437
2097152,32855.924621

4194304,32898.561550
4194304,32991.583830
4194304,32794.068487
4194304,32808.410114
4194304,32854.786454
4194304,32816.155343
4194304,32979.424004
4194304,32823.134226

8388608,32848.224427
8388608,32762.823900
8388608,32709.150444
8388608,32792.140735
8388608,32760.294338
8388608,32756.911847
8388608,32747.441198
8388608,32742.187117

16777216,33138.861238
16777216,33023.276752
16777216,32926.336779
16777216,32988.450270
16777216,32984.919730
16777216,33245.555261
16777216,33200.141553
16777216,33221.045406

25165824,33010.320181
25165824,32914.724115
25165824,33080.614053
25165824,32997.997166
25165824,32906.423438
25165824,32859.286835
25165824,32903.512580
25165824,32885.186054

33554432,32981.340409
33554432,32891.079985
33554432,32835.597834
33554432,31955.132581
33554432,32925.221593
33554432,32880.781749
33554432,32913.574041
33554432,33049.391295

67108864,32958.208959
67108864,32870.842785
67108864,32858.638153
67108864,32852.860282
67108864,32913.118471
67108864,32806.946830
67108864,33053.800114
67108864,33138.711588

100663296,33060.978523
100663296,32792.008760
100663296,32446.154005
100663296,32960.724424
100663296,32780.581896
100663296,32957.839583
100663296,32769.042398
100663296,32942.087255

134217728,33190.283872
134217728,32881.172996
134217728,32787.295972
134217728,32853.845522
134217728,32768.306260
134217728,32858.812041
134217728,32823.319175
134217728,32762.723665

268435456,33023.180640
268435456,32922.889795
268435456,32927.289768
268435456,32894.944126
268435456,32983.987493
268435456,33068.634175
268435456,32962.409419
268435456,33030.610537

402653184,33266.566229
402653184,32976.682637
402653184,33265.094001
402653184,33173.752843
402653184,33116.059767
402653184,33078.828358
402653184,33239.514150
402653184,33149.127655

536870912,33050.654673
536870912,32870.072244
536870912,33027.297573
536870912,33129.882393
536870912,32905.518665
536870912,32840.576255
536870912,33028.311982
536870912,33067.376208

