32768,35782.439000
32768,35724.907840
32768,36720.489000
32768,37472.304520
32768,39504.198040
32768,40177.662640
32768,40635.696240
32768,41228.370600

65536,36207.236800
65536,37508.437440
65536,37783.779460
65536,37711.261800
65536,38181.074440
65536,38536.181360
65536,38877.987420
65536,39267.834680

131072,36163.551700
131072,36638.011960
131072,36686.625810
131072,36775.643720
131072,36815.264370
131072,36713.715870
131072,37260.963710
131072,37253.515880

262144,36130.317195
262144,36257.277530
262144,36394.802265
262144,36451.761205
262144,36398.097080
262144,36466.678885
262144,36492.168820
262144,36473.661720

524288,36553.006096
524288,36696.780939
524288,36655.330993
524288,36505.865540
524288,36642.388358
524288,36597.631717
524288,34288.776395
524288,36700.155634

1048576,36722.361646
1048576,36986.917266
1048576,37048.307266
1048576,36819.223460
1048576,36852.848840
1048576,37206.049439
1048576,37072.046072
1048576,36935.254495

2097152,36792.773159
2097152,36832.048169
2097152,36838.290106
2097152,36894.514751
2097152,36838.862882
2097152,36864.899947
2097152,36860.685003
2097152,36897.693094

4194304,36894.085675
4194304,37033.556340
4194304,37108.600739
4194304,37266.283970
4194304,37163.855009
4194304,37151.544171
4194304,37335.199421
4194304,37173.679137

8388608,36864.624553
8388608,36799.146875
8388608,36811.681998
8388608,36948.613569
8388608,36858.702656
8388608,36960.035941
8388608,36849.346636
8388608,36880.070404

16777216,37225.891779
16777216,37090.972482
16777216,37141.097903
16777216,37201.189318
16777216,37275.627605
16777216,37328.760018
16777216,37400.823074
16777216,37208.427599

25165824,37080.676495
25165824,37155.273680
25165824,37252.215570
25165824,37204.780619
25165824,37516.024841
25165824,37332.898658
25165824,37267.012126
25165824,37128.689798

33554432,37224.427686
33554432,37135.845904
33554432,37099.409997
33554432,37105.943768
33554432,37096.952861
33554432,37096.681046
33554432,37165.744859
33554432,37123.299594

67108864,37699.037162
67108864,37726.810198
67108864,37731.794852
67108864,37727.351677
67108864,37791.392829
67108864,37700.752450
67108864,37661.392118
67108864,37726.698075

100663296,37259.286385
100663296,37369.268797
100663296,37402.328232
100663296,37291.760320
100663296,37221.617411
100663296,37349.069021
100663296,37319.634107
100663296,37375.282435

134217728,37223.844182
134217728,36726.594587
134217728,37378.996826
134217728,37203.180747
134217728,37196.909993
134217728,37200.707646
134217728,37214.594143
134217728,37265.824844

268435456,37419.446765
268435456,37435.225491
268435456,37388.771411
268435456,37495.382712
268435456,37489.746687
268435456,37459.842966
268435456,37680.541670
268435456,37708.747749

402653184,37264.203366
402653184,37495.089085
402653184,37258.142008
402653184,37329.375926
402653184,37177.388089
402653184,36702.297827
402653184,36282.478377
402653184,37218.192065

536870912,37127.162192
536870912,37122.103799
536870912,37122.847456
536870912,37174.245642
536870912,37179.216040
536870912,37145.592632
536870912,37185.361616
536870912,37173.180723

