64,5454.620640
64,5419.441000
64,5435.478080
64,5451.500960
64,5463.247920
64,5436.056800
64,5348.329600
64,5379.856760
64,5307.267320
64,5307.796440

128,5489.263680
128,5407.211400
128,5395.511160
128,5404.217180
128,5413.263540
128,5510.304480
128,5396.227880
128,5395.057680
128,5409.089200
128,5445.238240

256,5942.295750
256,5755.825180
256,5719.228420
256,5703.324850
256,5707.846280
256,5701.980790
256,5732.615430
256,5801.416970
256,5745.418970
256,5683.766590

512,5861.880770
512,5857.038695
512,5702.638550
512,5611.257150
512,5677.866770
512,5722.690520
512,5788.262650
512,5671.281855
512,5639.675630
512,5632.541285

1024,5838.147713
1024,5791.254400
1024,5706.153685
1024,5627.650130
1024,5691.170487
1024,5642.353505
1024,5612.457905
1024,5697.291872
1024,5680.046835
1024,5648.758125

4096,5837.296854
4096,5774.453471
4096,5811.343311
4096,5748.275009
4096,5768.045407
4096,5769.190511
4096,5780.288427
4096,5742.572837
4096,5762.227224
4096,5761.197861

8192,6060.476752
8192,5951.929666
8192,5926.205827
8192,5916.595960
8192,5943.149104
8192,5921.176106
8192,5919.555093
8192,5934.120992
8192,5933.575431
8192,5952.148482

12288,6006.033485
12288,5902.810476
12288,5857.817571
12288,5960.397439
12288,5926.509898
12288,5894.125291
12288,5853.959625
12288,5884.706677
12288,5921.346869
12288,5882.825500

16384,6004.097591
16384,5822.241539
16384,5841.929266
16384,5839.911290
16384,5867.002143
16384,5837.974969
16384,5846.772105
16384,5863.783161
16384,5847.742568
16384,5847.831904
