64,3659.006760
64,3552.167880
64,3552.431560
64,3532.362920
64,3522.604360
64,3524.570920
64,3527.971960
64,3531.505560

128,2912.175900
128,2854.557180
128,2840.269080
128,2840.337940
128,2838.875060
128,2824.663840
128,2831.503480
128,2824.858280

256,2710.124550
256,2672.427620
256,2676.033590
256,2689.620620
256,2668.193450
256,2667.080870
256,2670.965510
256,2664.745940

512,2504.055805
512,2483.733235
512,2484.142125
512,2484.236425
512,2494.512855
512,2498.080625
512,2498.631300
512,2447.709895

1024,2441.104480
1024,2428.627753
1024,2446.088485
1024,2429.354315
1024,2432.092290
1024,2429.566653
1024,2451.485172
1024,2484.210175

2048,2426.714345
2048,2418.904554
2048,2418.066184
2048,2416.536001
2048,2390.386701
2048,2387.499474
2048,2383.077040
2048,2417.131389

4096,2367.904703
4096,2353.724749
4096,2365.789959
4096,2371.640641
4096,2375.100059
4096,2372.011287
4096,2364.100406
4096,2372.556832

6144,2404.025251
6144,2386.441692
6144,2386.916141
6144,2390.065815
6144,2387.171022
6144,2387.119367
6144,2391.162954
6144,2395.859303

8192,2501.049257
8192,2384.688714
8192,2383.816350
8192,2385.962834
8192,2384.748925
8192,2383.783831
8192,2382.270174
8192,2387.134021

10240,2418.964616
10240,2406.818679
10240,2415.580761
10240,2415.810666
10240,2412.955498
10240,2412.047248
10240,2411.904132
10240,2404.656696

12288,2411.108076
12288,2415.284872
12288,2405.746586
12288,2419.271764
12288,2411.749686
12288,2418.858749
12288,2403.970352
12288,2381.702812

14336,2390.321042
14336,2399.419255
14336,2402.867877
14336,2401.719273
14336,2396.403897
14336,2405.013952
14336,2413.017663
14336,2408.551594

16384,2376.441690
16384,2371.561161
16384,2371.015805
16384,2368.380987
16384,2365.451414
16384,2370.067446
16384,2371.457514
16384,2369.199049

