64,3235.941440
64,3168.658240
64,3167.630640
64,3169.940640
64,3170.428320
64,3167.692800
64,3168.259280
64,3164.794680
64,3165.182600
64,3172.117040

128,2456.958040
128,2425.932380
128,2417.397340
128,2415.050520
128,2414.923280
128,2415.169640
128,2414.977420
128,2414.846780
128,2416.469360
128,2415.642660

256,2051.019390
256,2035.353460
256,2034.643690
256,2034.871090
256,2044.044410
256,2040.633510
256,2041.835630
256,2041.797990
256,2042.131380
256,2041.142070

512,1851.785725
512,1844.355560
512,1843.915465
512,1843.945240
512,1853.684580
512,1841.329340
512,1843.017460
512,1843.215540
512,1842.528190
512,1842.829100

1024,1746.684660
1024,1747.756600
1024,1742.907750
1024,1744.231127
1024,1743.476422
1024,1742.286315
1024,1749.260182
1024,1745.929805
1024,1746.485110
1024,1746.331572

4096,1679.274050
4096,1677.741251
4096,1679.681844
4096,1683.521109
4096,1690.300680
4096,1689.646639
4096,1688.269736
4096,1692.004791
4096,1688.808518
4096,1682.294169

8192,1683.079057
8192,1682.647687
8192,1683.699490
8192,1682.580101
8192,1679.535015
8192,1682.605821
8192,1683.016943
8192,1683.769853
8192,1681.847390
8192,1682.377317

12288,1670.196327
12288,1667.932021
12288,1669.689735
12288,1669.524518
12288,1670.450243
12288,1670.099796
12288,1667.829107
12288,1667.750221
12288,1668.825348
12288,1669.401354

16384,1686.562340
16384,1684.330541
16384,1694.158328
16384,1683.674575
16384,1685.689752
16384,1683.389694
16384,1683.818733
16384,1682.599628
16384,1684.758323
16384,1685.597627
