64,3752.380040
64,3621.306040
64,3600.115080
64,3602.802600
64,3605.801520
64,3596.982120
64,3654.794040
64,3608.912400

128,2945.762180
128,2885.032700
128,2871.125060
128,2887.108920
128,2873.480440
128,2876.289020
128,2885.176680
128,2875.976220

256,2741.372580
256,2702.863050
256,2697.439250
256,2716.163790
256,2783.836830
256,2782.224330
256,2738.829830
256,2721.855470

512,2551.345115
512,2531.293260
512,2539.760550
512,2543.331800
512,2542.843300
512,2542.420785
512,2549.614250
512,2544.439130

1024,2436.369025
1024,2416.107367
1024,2461.155230
1024,2456.726235
1024,2457.618110
1024,2460.781942
1024,2456.800570
1024,2455.053410

2048,2459.894279
2048,2453.129471
2048,2454.753253
2048,2450.823092
2048,2444.718390
2048,2445.016013
2048,2452.444031
2048,2450.701213

4096,2405.797024
4096,2402.607616
4096,2403.630718
4096,2401.350503
4096,2403.375707
4096,2402.363337
4096,2402.091874
4096,2398.365792

6144,2408.480208
6144,2404.414038
6144,2400.966121
6144,2402.526479
6144,2394.005257
6144,2399.808366
6144,2398.258993
6144,2398.989945

8192,2381.434972
8192,2378.330529
8192,2382.131403
8192,2379.152417
8192,2384.337383
8192,2378.995685
8192,2382.260162
8192,2378.881429

10240,2400.852988
10240,2401.700259
10240,2401.475115
10240,2399.342126
10240,2398.364389
10240,2398.782165
10240,2399.758683
10240,2401.381212

12288,2367.445806
12288,2319.533792
12288,2371.498613
12288,2372.952602
12288,2376.664852
12288,2400.666442
12288,2399.906195
12288,2400.018902

14336,2426.709820
14336,2414.322829
14336,2411.471915
14336,2415.527145
14336,2373.947246
14336,2354.772873
14336,2345.702155
14336,2339.887421

16384,2417.239598
16384,2412.967315
16384,2419.245438
16384,2419.769496
16384,2420.022050
16384,2418.247416
16384,2421.575196
16384,2418.231736

