64,3168.348640
64,3164.028480
64,3162.837160
64,3156.890280
64,3165.453160
64,3167.026280
64,3160.323280
64,3160.378800
64,3163.392320
64,3166.322520

128,2429.807800
128,2421.267340
128,2424.451500
128,2431.232540
128,2445.015180
128,2421.976040
128,2421.730680
128,2424.615240
128,2425.453880
128,2420.703320

256,2041.174570
256,2036.893410
256,2038.094670
256,2037.323610
256,2036.797480
256,2037.326930
256,2038.409110
256,2036.580990
256,2036.598160
256,2041.130340

512,1860.192650
512,1858.096680
512,1857.325240
512,1857.736025
512,1858.725265
512,1857.499175
512,1856.706975
512,1917.360415
512,1846.357290
512,1847.819075

1024,1757.091032
1024,1754.634895
1024,1815.664345
1024,1757.446525
1024,1755.041430
1024,1757.560300
1024,1788.174012
1024,1759.704982
1024,1757.581042
1024,1757.918365

4096,1693.572606
4096,1685.367994
4096,1684.550326
4096,1686.715820
4096,1684.445072
4096,1685.850401
4096,1687.012219
4096,1685.938581
4096,1682.908239
4096,1690.619909

8192,1696.253759
8192,1695.737255
8192,1693.817051
8192,1693.439009
8192,1695.195601
8192,1693.074105
8192,1696.701973
8192,1692.641915
8192,1692.606291
8192,1692.553590

12288,1684.564870
12288,1683.863575
12288,1685.371824
12288,1684.596666
12288,1684.540225
12288,1683.898734
12288,1684.690873
12288,1685.740503
12288,1684.487587
12288,1687.855923

16384,1734.521180
16384,1729.284343
16384,1725.649426
16384,1734.412773
16384,1729.648166
16384,1729.356045
16384,1726.160471
16384,1728.818952
16384,1728.144415
16384,1727.607542
