64,5295.740240
64,5313.351400
64,5363.746120
64,5321.849360
64,5439.328280
64,5313.880000
64,5316.705920
64,5284.669200
64,5318.188240
64,5298.801400

128,5371.562840
128,5302.810380
128,5336.075660
128,5316.607980
128,5334.459100
128,5383.735480
128,5362.542500
128,5326.333420
128,5395.060900
128,5430.893840

256,5744.535790
256,5731.283590
256,5724.345350
256,5668.168130
256,5727.703590
256,5795.305570
256,5703.958170
256,5657.587130
256,5664.503570
256,5668.634450

512,5695.749430
512,5764.818005
512,5666.794410
512,5641.483405
512,5641.113200
512,5670.269160
512,5776.987695
512,5747.258995
512,5674.849850
512,5678.874215

1024,5667.574693
1024,5693.830435
1024,5644.301335
1024,5692.161250
1024,5697.369827
1024,5690.875255
1024,5647.125813
1024,5692.331140
1024,5759.366770
1024,5664.497455

4096,5709.221488
4096,5771.911873
4096,5769.092426
4096,5755.642535
4096,5729.313586
4096,5731.465279
4096,5774.875739
4096,5773.765680
4096,5723.639464
4096,5776.209649

8192,5861.551933
8192,5837.097048
8192,5855.144704
8192,5853.229385
8192,5808.071142
8192,5868.191542
8192,5854.061946
8192,5873.628137
8192,5880.789411
8192,5859.878570

12288,5730.191364
12288,5725.993232
12288,5781.276077
12288,5717.440172
12288,5692.857493
12288,5720.755007
12288,5722.269476
12288,5751.234068
12288,5761.097345
12288,5792.833957

16384,5782.431766
16384,5761.699313
16384,5772.839922
16384,5782.872030
16384,5843.586312
16384,5793.097023
16384,5803.714956
16384,5807.159723
16384,5801.926775
16384,5795.416113
