4096,7065.520960
4096,7038.980360
4096,7055.340240
4096,7011.525080
4096,7280.841840
4096,7213.764360
4096,7319.111840
4096,7219.866600

8192,7282.469820
8192,7387.576380
8192,7234.276840
8192,7267.513000
8192,7250.713260
8192,7125.930220
8192,6402.888400
8192,7219.732720

12288,7359.109653
12288,7248.904187
12288,7254.167773
12288,7458.074747
12288,7201.586200
12288,7191.749173
12288,6817.518640
12288,7448.683187

16384,7239.735440
16384,7231.134580
16384,7388.034620
16384,7299.490220
16384,7294.824250
16384,7232.644250
16384,7180.696790
16384,7179.767360

24576,7090.064020
24576,7008.835720
24576,7111.548493
24576,6999.880307
24576,6994.534080
24576,7224.525473
24576,7034.248713
24576,7038.509013

32768,6993.355640
32768,7118.302110
32768,7063.212165
32768,7061.075730
32768,7159.090840
32768,7065.892075
32768,7168.100565
32768,7090.155330

65536,6982.024245
65536,7115.191415
65536,7122.864635
65536,6992.702110
65536,7085.885390
65536,7049.493597
65536,7380.594468
65536,7330.493003

131072,7260.896257
131072,7326.146892
131072,7352.269956
131072,7311.107136
131072,7354.035989
131072,7293.450131
131072,7342.793634
131072,7360.170578

262144,7399.018105
262144,7421.369687
262144,7443.549929
262144,7373.300519
262144,7420.128285
262144,7390.739686
262144,7428.697556
262144,7430.304522

524288,7423.110234
524288,7183.452282
524288,7066.286580
524288,7101.321190
524288,7114.238096
524288,7081.354395
524288,7059.761262
524288,7101.891748

1048576,7043.072276
1048576,7238.838803
1048576,7318.265833
1048576,7278.685392
1048576,7350.771996
1048576,7235.646513
1048576,7286.171015
1048576,7291.064582

2097152,7192.577599
2097152,7163.421316
2097152,7355.601892
2097152,7270.685103
2097152,7217.772491
2097152,7252.034558
2097152,7283.261579
2097152,7336.871727

4194304,7130.538783
4194304,7236.887194
4194304,7214.145110
4194304,7172.951510
4194304,7198.593365
4194304,7183.834850
4194304,7189.571323
4194304,7189.339657

8388608,7053.421613
8388608,7105.199612
8388608,7135.171315
8388608,7066.435563
8388608,7129.092948
8388608,7128.115418
8388608,7077.923130
8388608,7059.190372

16777216,7410.844762
16777216,7327.782800
16777216,7384.707554
16777216,7325.029834
16777216,7305.788284
16777216,7350.168861
16777216,7319.656189
16777216,7430.657922

25165824,7376.082801
25165824,7390.380881
25165824,7385.487683
25165824,7407.258997
25165824,7408.455457
25165824,7364.881072
25165824,7399.957847
25165824,7424.915658

33554432,7562.032741
33554432,7543.719435
33554432,7530.739867
33554432,7544.934554
33554432,7507.991111
33554432,7545.807032
33554432,7548.773134
33554432,7546.176040

67108864,7699.121342
67108864,7633.050770
67108864,7617.573802
67108864,7613.844723
67108864,7664.223868
67108864,7674.952452
67108864,7677.836684
67108864,7619.932294

100663296,7606.996747
100663296,7715.069107
100663296,7609.957352
100663296,7582.889766
100663296,7598.024530
100663296,7581.609942
100663296,7592.240885
100663296,7579.892387

134217728,7709.969834
134217728,7637.251603
134217728,7731.920571
134217728,7669.281004
134217728,7639.067532
134217728,7671.526701
134217728,7493.858679
134217728,7641.463452

268435456,7639.416626
268435456,7660.776363
268435456,7644.136980
268435456,7723.354055
268435456,7635.107578
268435456,7648.339171
268435456,7641.576592
268435456,7647.488725

402653184,7628.053635
402653184,7626.861373
402653184,7568.870563
402653184,7730.483122
402653184,7626.380985
402653184,7643.871254
402653184,7631.418000
402653184,7700.326504

536870912,7792.902809
536870912,7674.768741
536870912,7777.106220
536870912,7675.383648
536870912,7674.707546
536870912,7679.643766
536870912,7664.318657
536870912,7677.596786

