4096,7487.684640
4096,7470.565200
4096,7465.625800
4096,7463.121960
4096,7473.205760
4096,7515.934240
4096,7455.055240
4096,7470.264440

8192,6717.607680
8192,6209.471920
8192,6732.445280
8192,6710.023280
8192,6734.346220
8192,6740.545220
8192,6718.797100
8192,6760.950560

12288,6506.040333
12288,6498.337253
12288,6500.212853
12288,6498.970720
12288,6489.259467
12288,6492.952187
12288,6478.918867
12288,6496.070147

16384,6167.359920
16384,6366.010070
16384,6386.254510
16384,6367.031680
16384,6366.237130
16384,6366.132780
16384,6382.712380
16384,6079.127810

24576,6291.002187
24576,6295.329520
24576,6287.608980
24576,6291.642420
24576,6292.094527
24576,6291.361887
24576,6292.304287
24576,6288.742513

32768,6225.388010
32768,6215.306005
32768,6220.549855
32768,6221.269615
32768,6354.430140
32768,6203.728570
32768,6184.660335
32768,6168.833300

65536,6095.815235
65536,6112.781920
65536,6132.870230
65536,6067.691813
65536,6054.516427
65536,6126.561225
65536,6133.514057
65536,6128.495200

131072,6074.405659
131072,6093.030899
131072,6095.082435
131072,6080.330425
131072,6078.074391
131072,6077.687820
131072,6078.641293
131072,6082.767278

262144,6049.646960
262144,6050.120210
262144,6049.165731
262144,6050.038142
262144,6049.308437
262144,6043.552290
262144,6045.442268
262144,6043.894310

524288,6118.462930
524288,6077.071083
524288,6080.543043
524288,6110.043342
524288,6104.315506
524288,6098.792662
524288,6077.304252
524288,6115.108347

1048576,6196.666363
1048576,6261.299997
1048576,6214.232607
1048576,6280.656008
1048576,6251.418176
1048576,6223.458174
1048576,6226.353585
1048576,6250.990761

2097152,6161.167506
2097152,6108.308177
2097152,6185.834636
2097152,6164.407842
2097152,6192.931197
2097152,6175.134174
2097152,6207.859267
2097152,6177.072183

4194304,6172.761738
4194304,6177.727145
4194304,6175.081465
4194304,6175.602862
4194304,6175.321163
4194304,6079.225289
4194304,6174.173541
4194304,6147.018594

8388608,6128.985679
8388608,6105.879258
8388608,6141.622363
8388608,6130.094261
8388608,6123.095063
8388608,6138.821810
8388608,6134.712193
8388608,6125.128799

16777216,6215.424364
16777216,6230.879107
16777216,6219.992234
16777216,6220.072948
16777216,6223.770913
16777216,6209.753138
16777216,6247.334104
16777216,6219.948225

25165824,6251.855830
25165824,6282.014457
25165824,6294.102833
25165824,6311.015307
25165824,6283.072411
25165824,6292.003048
25165824,6281.113716
25165824,6261.756014

33554432,6225.496170
33554432,6200.533718
33554432,6200.106546
33554432,6207.759294
33554432,6211.220896
33554432,6207.485109
33554432,6218.805923
33554432,6218.814698

67108864,6245.949313
67108864,6251.032612
67108864,6196.151887
67108864,6263.024448
67108864,6251.464180
67108864,6188.839067
67108864,6240.844727
67108864,6254.065858

100663296,6201.243708
100663296,6231.818310
100663296,6207.212590
100663296,6203.657229
100663296,6213.528578
100663296,6197.745155
100663296,6195.664295
100663296,6208.808490

134217728,6184.377480
134217728,6184.642343
134217728,6190.432759
134217728,6220.971633
134217728,6188.244611
134217728,6175.440061
134217728,6221.192791
134217728,6177.807553

268435456,6242.634559
268435456,6241.702589
268435456,6255.026697
268435456,6242.798247
268435456,6237.762611
268435456,6246.589905
268435456,6261.044382
268435456,6241.651121

402653184,6354.182396
402653184,6341.760259
402653184,6348.171225
402653184,6326.084486
402653184,6372.083360
402653184,6340.407865
402653184,6349.251948
402653184,6356.489188

536870912,6314.442224
536870912,6328.449134
536870912,6342.841041
536870912,6404.538834
536870912,6313.842322
536870912,6336.797298
536870912,6350.024012
536870912,6414.132014

