4096,7033.892960
4096,7040.959840
4096,7048.925560
4096,7021.272920
4096,7243.553000
4096,7139.188080
4096,7145.763800
4096,7136.541640

8192,7067.992260
8192,7223.449580
8192,7272.109500
8192,7144.001240
8192,7138.889240
8192,7308.350760
8192,7138.488680
8192,7149.741500

12288,7254.179240
12288,7147.925920
12288,7155.059400
12288,7297.820400
12288,6883.588120
12288,7152.059053
12288,7142.961347
12288,7332.899747

16384,7146.231930
16384,7130.748040
16384,7281.709170
16384,7164.269390
16384,7171.117510
16384,7306.897130
16384,7191.093470
16384,7189.842330

24576,7197.839947
24576,7089.279793
24576,7208.870060
24576,6778.835933
24576,7100.896273
24576,7235.730167
24576,7144.937100
24576,7124.381633

32768,7133.184075
32768,7242.130575
32768,7313.370420
32768,7139.154010
32768,7311.141610
32768,7219.153480
32768,7313.691220
32768,7222.828990

65536,7177.338497
65536,7271.848142
65536,7285.275347
65536,7248.136135
65536,7283.482410
65536,7189.056792
65536,7289.080545
65536,7245.110527

131072,7195.732160
131072,7210.617490
131072,7219.913100
131072,7230.888802
131072,7201.711315
131072,7192.859899
131072,7247.502159
131072,7095.621651

262144,7127.532692
262144,7141.609944
262144,7134.244026
262144,7123.095111
262144,7174.362832
262144,7188.017325
262144,7169.619591
262144,7137.086881

524288,7033.438468
524288,7084.187161
524288,7097.664856
524288,7273.472324
524288,7334.067762
524288,7256.113422
524288,7291.682775
524288,7274.240391

1048576,7580.124752
1048576,7502.560577
1048576,7481.210470
1048576,7711.423739
1048576,7608.417195
1048576,7527.388546
1048576,7512.890233
1048576,7557.678236

2097152,7445.120356
2097152,7436.858742
2097152,7504.702257
2097152,7410.967887
2097152,7488.366682
2097152,7605.360461
2097152,7431.069809
2097152,7416.749904

4194304,7169.687670
4194304,7210.445753
4194304,7283.664339
4194304,7248.710594
4194304,7218.897527
4194304,7300.740548
4194304,7223.642539
4194304,7198.953508

8388608,7174.842147
8388608,7114.329742
8388608,7112.760912
8388608,7111.299936
8388608,7206.491610
8388608,7165.496905
8388608,7126.182587
8388608,7100.296218

16777216,7453.238466
16777216,7421.084797
16777216,7388.969668
16777216,7385.749164
16777216,7389.186975
16777216,7386.868216
16777216,7434.572079
16777216,7395.968950

25165824,7414.642312
25165824,7410.840753
25165824,7429.220804
25165824,7341.085151
25165824,7395.924283
25165824,7556.899195
25165824,7536.877526
25165824,7488.011221

33554432,7409.030985
33554432,7416.126454
33554432,7396.410338
33554432,7431.411287
33554432,7426.714511
33554432,7410.118305
33554432,7390.538874
33554432,7399.565720

67108864,7435.220828
67108864,7410.234274
67108864,7429.545356
67108864,7413.350968
67108864,7603.074177
67108864,7608.424777
67108864,7597.912194
67108864,7670.385150

100663296,7703.114060
100663296,7736.071241
100663296,7744.071610
100663296,7737.621067
100663296,7758.834187
100663296,7715.942195
100663296,7697.742194
100663296,7721.579166

134217728,7658.884985
134217728,7706.351949
134217728,7695.150095
134217728,7690.102005
134217728,7680.713839
134217728,7760.073085
134217728,7718.165336
134217728,7679.897165

268435456,7629.730253
268435456,7662.423195
268435456,7710.723917
268435456,7624.572921
268435456,7665.513771
268435456,7620.739974
268435456,7686.962657
268435456,7630.916564

402653184,7720.316199
402653184,7676.669613
402653184,7725.641410
402653184,7675.540610
402653184,7720.885536
402653184,7732.575562
402653184,7669.269342
402653184,7664.176039

536870912,7722.094983
536870912,7764.769680
536870912,7785.199431
536870912,7798.445815
536870912,7709.675673
536870912,7712.119333
536870912,7716.414356
536870912,7771.293783

