4096,6176.887960
4096,6180.662440
4096,6206.352520
4096,6179.922080
4096,6244.187720
4096,6193.483920
4096,6189.906720
4096,7133.189120

8192,7052.582140
8192,7059.900200
8192,7096.447380
8192,7116.367180
8192,7079.169040
8192,7067.010200
8192,7165.789220
8192,7075.472260

12288,7055.672933
12288,7082.467733
12288,7120.033053
12288,7070.196387
12288,6524.954853
12288,7164.942773
12288,7072.187507
12288,7079.316373

16384,7084.565580
16384,7136.761510
16384,6671.513290
16384,7140.586390
16384,7093.823420
16384,6811.549030
16384,7110.901640
16384,7184.788190

24576,7023.495193
24576,7046.739707
24576,7058.757953
24576,7013.606913
24576,7090.957000
24576,7103.599693
24576,7020.542073
24576,7027.863793

32768,6926.203630
32768,7157.176640
32768,7147.563340
32768,7094.140165
32768,7170.523180
32768,6828.796120
32768,7114.407795
32768,7174.105945

65536,7166.438898
65536,7154.832820
65536,6574.765920
65536,7166.531937
65536,7188.206248
65536,6980.921728
65536,7004.930035
65536,7194.183640

131072,7141.431602
131072,7155.853834
131072,7165.214120
131072,7172.933944
131072,7161.927394
131072,7157.316890
131072,7084.953935
131072,7164.160520

262144,7178.285928
262144,7227.301549
262144,7250.433864
262144,7260.324647
262144,7266.647761
262144,7282.663505
262144,7083.007114
262144,7120.886462

524288,6924.429009
524288,6994.144976
524288,7177.683818
524288,7155.112043
524288,7157.925171
524288,7192.656655
524288,7185.836469
524288,7176.291286

1048576,7455.050408
1048576,7465.059597
1048576,7356.524507
1048576,7481.701791
1048576,7377.151991
1048576,7369.558166
1048576,7368.316556
1048576,7413.595591

2097152,7268.426549
2097152,7347.415626
2097152,7281.537300
2097152,7271.044378
2097152,7279.355474
2097152,7305.645199
2097152,7369.156947
2097152,7346.752925

4194304,7353.564312
4194304,7389.975428
4194304,7370.636387
4194304,7387.658023
4194304,7410.132240
4194304,7462.446767
4194304,7400.049604
4194304,7375.974592

8388608,7270.509753
8388608,7298.012101
8388608,7285.193334
8388608,7293.192132
8388608,7266.203688
8388608,7298.361209
8388608,7257.203083
8388608,7263.190467

16777216,7540.721846
16777216,7623.199857
16777216,7547.439559
16777216,7625.866922
16777216,7531.014737
16777216,7546.521690
16777216,7579.420356
16777216,7529.648640

25165824,7524.426371
25165824,7545.186188
25165824,7531.867485
25165824,7673.951785
25165824,7522.445474
25165824,7656.248905
25165824,7692.894899
25165824,7661.167531

33554432,7566.599016
33554432,7646.905979
33554432,7527.201060
33554432,7595.683996
33554432,7533.813893
33554432,7629.661922
33554432,7524.168028
33554432,7615.133158

67108864,7487.411060
67108864,7535.649816
67108864,7540.872535
67108864,7497.661136
67108864,7536.832152
67108864,7533.480961
67108864,7531.679467
67108864,7538.443401

100663296,7603.419637
100663296,7619.139608
100663296,7633.043813
100663296,7697.773371
100663296,7660.166579
100663296,7643.806617
100663296,7585.426639
100663296,7383.940822

134217728,7600.964676
134217728,7586.761088
134217728,7591.900508
134217728,7611.500593
134217728,7597.706695
134217728,7593.042821
134217728,7613.802063
134217728,7633.483929

268435456,7507.186256
268435456,7513.266231
268435456,7569.437609
268435456,7574.269697
268435456,7510.983690
268435456,7583.476501
268435456,7515.811582
268435456,7580.407447

402653184,7493.736473
402653184,7497.393818
402653184,7511.024584
402653184,7584.614484
402653184,7506.117809
402653184,7513.470751
402653184,7508.167256
402653184,7568.621895

536870912,7746.396908
536870912,7602.718925
536870912,7596.278846
536870912,7598.261922
536870912,7597.811923
536870912,7732.116566
536870912,7599.615395
536870912,7734.070464

