4096,3756.083600
4096,3714.076120
4096,3828.960440
4096,3715.870800
4096,3828.474320

8192,3028.914100
8192,2969.107920
8192,2972.592060
8192,2976.786340
8192,2965.840420

12288,2774.083760
12288,2723.450333
12288,2720.916147
12288,2727.743093
12288,2720.318960

16384,2909.809400
16384,2874.700860
16384,2893.108720
16384,2877.181770
16384,2872.747750

24576,4473.724300
24576,4622.219467
24576,4716.199820
24576,4727.008133
24576,4696.603413

32768,4792.188235
32768,4761.235865
32768,4766.979985
32768,4762.719370
32768,4663.108840

65536,4630.381903
65536,4602.126160
65536,4524.752973
65536,4600.516195
65536,4609.986410

131072,4509.075141
131072,4499.238905
131072,4498.798415
131072,4499.151339
131072,4500.437720

262144,4431.506494
262144,4442.636373
262144,4435.286933
262144,4532.843798
262144,4441.686669

524288,4349.161646
524288,4563.396073
524288,4447.751834
524288,4470.710841
524288,4445.334052

1048576,4373.250798
1048576,4332.051782
1048576,4274.469737
1048576,4556.709612
1048576,4441.781538

2097152,4609.008382
2097152,4683.019816
2097152,4369.746988
2097152,4367.198070
2097152,4375.044377

4194304,4356.220949
4194304,4640.123592
4194304,4366.967202
4194304,4368.932928
4194304,4349.965521

8388608,4354.686537
8388608,4589.963231
8388608,4358.739845
8388608,4467.734695
8388608,4355.235416

16777216,4413.493997
16777216,4671.648601
16777216,4342.658651
16777216,4697.947006
16777216,4344.488821

25165824,4352.520112
25165824,4599.891966
25165824,4333.356034
25165824,4348.990207
25165824,4346.300647

33554432,4296.463241
33554432,4636.557221
33554432,4311.425202
33554432,4314.361976
33554432,4296.026100

67108864,4295.340662
67108864,4329.629905
67108864,4174.507779
67108864,4294.255588
67108864,4289.034320

100663296,4324.798595
100663296,4644.892588
100663296,4337.236285
100663296,4224.061690
100663296,4336.746237

134217728,4326.172111
134217728,4505.796478
134217728,4359.735731
134217728,4235.049335
134217728,4405.953376

268435456,4465.930236
268435456,4620.205881
268435456,4382.991521
268435456,4384.004473
268435456,4388.210961

402653184,4597.019786
402653184,4486.938148
402653184,4473.279126
402653184,4462.805387
402653184,4471.405299

536870912,4984.370649
536870912,5201.600293
536870912,5117.857567
536870912,4949.574511
536870912,4940.722815

