4096,3751.885880
4096,3720.518840
4096,3722.334480
4096,3719.402320
4096,3721.137240

8192,3066.656840
8192,3059.394220
8192,3035.818400
8192,3036.602380
8192,3039.411100

12288,3055.812813
12288,3020.997440
12288,3031.840267
12288,3023.643733
12288,3029.325373

16384,3540.749670
16384,3491.620400
16384,3421.293210
16384,3476.228080
16384,3487.150560

24576,4712.970853
24576,4661.289620
24576,4547.616507
24576,4663.412900
24576,4668.381753

32768,4833.551585
32768,4812.840685
32768,4814.774015
32768,4811.498265
32768,4806.019900

65536,4616.749107
65536,4597.456545
65536,4594.468705
65536,4596.343247
65536,4595.285303

131072,4499.288809
131072,4474.199220
131072,4475.832191
131072,4474.938447
131072,4475.477196

262144,4393.407172
262144,4390.368433
262144,4823.284971
262144,4415.766956
262144,4179.886224

524288,4395.160243
524288,4722.130715
524288,4403.008734
524288,4411.727390
524288,4408.385614

1048576,4372.912603
1048576,4667.372551
1048576,4423.333720
1048576,4757.811685
1048576,4377.890711

2097152,4517.205728
2097152,4655.396842
2097152,4396.210468
2097152,4398.622974
2097152,4402.387598

4194304,4368.414834
4194304,4594.245434
4194304,4369.243549
4194304,4377.255778
4194304,4380.136417

8388608,4399.978934
8388608,4579.246504
8388608,4414.770455
8388608,4413.880391
8388608,4414.037798

16777216,4386.164444
16777216,4511.581326
16777216,4424.349691
16777216,4441.531417
16777216,4410.622036

25165824,4397.162271
25165824,4572.785222
25165824,4403.960139
25165824,4418.632123
25165824,4408.236216

33554432,4460.805839
33554432,4638.084005
33554432,4458.988819
33554432,4477.560872
33554432,4455.938439

67108864,4376.425773
67108864,4393.044596
67108864,4390.231807
67108864,4425.206434
67108864,4424.262729

100663296,4383.745865
100663296,4386.195056
100663296,4395.993242
100663296,4382.333731
100663296,4380.492098

134217728,4374.293250
134217728,4495.180386
134217728,4398.801324
134217728,4388.168626
134217728,4395.063167

268435456,4378.682587
268435456,4383.859512
268435456,4405.446531
268435456,4379.015620
268435456,4400.704323

402653184,4433.205023
402653184,4496.692485
402653184,4506.095863
402653184,4466.015745
402653184,4348.258731

536870912,4375.749375
536870912,4513.735841
536870912,4381.358827
536870912,4400.163383
536870912,4410.963550

