4096,3791.907480
4096,3761.068760
4096,3756.140280
4096,3764.834360
4096,3763.053000

8192,3015.395520
8192,2979.833260
8192,2972.741840
8192,2983.201140
8192,2995.811620

12288,2752.666573
12288,2718.949627
12288,2723.268400
12288,15030.532907
12288,2723.812640

16384,2904.697300
16384,2876.734270
16384,2884.027960
16384,2869.873700
16384,2885.412970

24576,4799.568147
24576,4770.912853
24576,4750.816700
24576,4775.271167
24576,4770.198473

32768,4866.493100
32768,4863.239405
32768,4866.095635
32768,4860.690575
32768,4862.130735

65536,4741.960510
65536,4737.120357
65536,4736.311580
65536,4750.719540
65536,4745.031510

131072,4689.601581
131072,4685.995146
131072,4686.751570
131072,4684.020319
131072,4450.134995

262144,4602.721118
262144,4642.487547
262144,4649.146059
262144,4635.497520
262144,4621.424877

524288,4630.717186
524288,4804.341331
524288,4626.281340
524288,4744.616146
524288,4630.606252

1048576,4633.814769
1048576,4787.689326
1048576,4607.975306
1048576,4851.350323
1048576,4610.919818

2097152,4639.043025
2097152,4911.963674
2097152,4629.838092
2097152,4750.135771
2097152,4618.200181

4194304,4657.433745
4194304,4986.489019
4194304,4634.833803
4194304,4665.798645
4194304,4633.462243

8388608,4673.432977
8388608,4711.287559
8388608,4647.226341
8388608,4916.576181
8388608,4650.494361

16777216,4847.840748
16777216,5023.617633
16777216,4656.897268
16777216,4930.527708
16777216,4901.543709

25165824,4676.405461
25165824,4840.197075
25165824,4669.079801
25165824,4775.585348
25165824,4666.550833

33554432,4678.221459
33554432,4816.147394
33554432,4668.517133
33554432,4700.979988
33554432,4730.031542

67108864,4738.995357
67108864,4910.251218
67108864,4742.397761
67108864,5032.052916
67108864,4957.431492

100663296,4909.191724
100663296,5036.561174
100663296,4900.612345
100663296,4857.572255
100663296,4819.454918

134217728,4969.079038
134217728,4867.231423
134217728,4870.879308
134217728,4964.812538
134217728,4825.189498

268435456,4985.372512
268435456,4991.904897
268435456,5005.152090
268435456,5075.450426
268435456,5018.377622

402653184,6759.068884
402653184,5980.163457
402653184,5492.105927
402653184,5216.333289
402653184,5265.169457

536870912,6020.240932
536870912,6060.376087
536870912,6519.084181
536870912,7283.350694
536870912,6558.188097

