4096,7740.703320
4096,7676.541080
4096,7619.534000
4096,7666.874680
4096,7618.785800
4096,7679.148520
4096,7700.026400
4096,7488.190960

8192,6174.762960
8192,6538.203060
8192,6878.401700
8192,6831.180660
8192,6886.433640
8192,6394.206000
8192,6944.400860
8192,6902.901100

12288,6704.408173
12288,6601.842653
12288,6603.072680
12288,6603.897000
12288,6607.530480
12288,6602.542800
12288,6595.981240
12288,6624.967413

16384,6571.087080
16384,6463.612660
16384,6426.497830
16384,6424.392970
16384,6459.703780
16384,6420.406340
16384,5830.191300
16384,6414.925130

24576,6420.280993
24576,6281.657107
24576,6329.423167
24576,6283.263893
24576,6291.763773
24576,6294.271073
24576,6287.289867
24576,6304.387673

32768,6333.732245
32768,6235.855890
32768,6238.907135
32768,6241.339210
32768,6234.514175
32768,6252.857570
32768,6230.009285
32768,6231.832830

65536,6213.641490
65536,6132.649690
65536,6130.233750
65536,6131.706290
65536,6162.435540
65536,6158.472365
65536,6183.002985
65536,6163.576017

131072,6211.424154
131072,6130.039927
131072,6173.296404
131072,6128.955428
131072,6150.494995
131072,6136.523992
131072,6126.349816
131072,6122.276205

262144,5748.072125
262144,6105.477473
262144,6090.034253
262144,6120.615787
262144,6062.074751
262144,6106.579554
262144,6148.363782
262144,6128.498246

524288,6216.929126
524288,6117.732381
524288,6078.977851
524288,6118.108560
524288,6110.022070
524288,6110.274015
524288,6128.054490
524288,6085.215992

1048576,6198.729663
1048576,6129.852430
1048576,6338.117917
1048576,6170.835121
1048576,6149.596322
1048576,6155.340764
1048576,6136.191696
1048576,6128.835258

2097152,6164.135754
2097152,6088.460106
2097152,6190.060773
2097152,6071.863275
2097152,6104.560775
2097152,6070.116036
2097152,6100.745730
2097152,6046.968326

4194304,6184.396995
4194304,6091.963593
4194304,6121.495762
4194304,6181.615860
4194304,6096.897618
4194304,6100.969068
4194304,6091.336431
4194304,6111.874628

8388608,6160.830422
8388608,6176.709367
8388608,6176.224399
8388608,6162.658418
8388608,6177.516968
8388608,6066.996250
8388608,6115.871285
8388608,6148.011720

16777216,6170.741030
16777216,6162.139377
16777216,6156.371883
16777216,6092.599768
16777216,6175.323495
16777216,6234.815964
16777216,6122.703709
16777216,6165.593053

25165824,6190.932048
25165824,6006.915953
25165824,5993.134140
25165824,6093.052525
25165824,6038.837901
25165824,6014.936788
25165824,6022.414895
25165824,6027.070854

33554432,6320.566357
33554432,6165.711444
33554432,6099.871646
33554432,6087.136449
33554432,6145.032606
33554432,6102.263317
33554432,6096.378723
33554432,6119.913920

67108864,6314.523526
67108864,6340.852559
67108864,6263.103393
67108864,6255.128906
67108864,6351.528483
67108864,6264.059666
67108864,6347.469442
67108864,6243.185935

100663296,6230.500971
100663296,6200.234001
100663296,6159.453002
100663296,6134.305523
100663296,6146.930177
100663296,6144.946431
100663296,6140.953235
100663296,6140.655430

134217728,6124.489048
134217728,6010.424442
134217728,6036.767791
134217728,6035.936927
134217728,6014.213911
134217728,6039.570695
134217728,6144.430143
134217728,6180.819831

268435456,6135.667497
268435456,6180.606103
268435456,6154.737425
268435456,6088.657356
268435456,6058.674864
268435456,6066.025597
268435456,6069.852850
268435456,6040.262982

402653184,6039.161071
402653184,6054.981896
402653184,5983.426430
402653184,6160.151770
402653184,6101.495513
402653184,6039.971397
402653184,6009.846163
402653184,6145.642892

536870912,6244.316751
536870912,6154.397527
536870912,6165.171954
536870912,6126.241515
536870912,6166.103109
536870912,6174.805250
536870912,6127.198000
536870912,6177.343379

