4096,7820.344960
4096,7802.033520
4096,7756.807720
4096,7614.519080
4096,7799.183040
4096,7744.448720
4096,7797.551880
4096,7756.743520

8192,6944.810960
8192,6953.471900
8192,6975.672480
8192,6964.602840
8192,6929.525980
8192,6900.971580
8192,6967.349100
8192,7008.896340

12288,6562.752773
12288,6557.253667
12288,6670.858773
12288,6673.186080
12288,6549.508173
12288,6678.496453
12288,6551.325267
12288,6672.706400

16384,6451.485780
16384,6546.744980
16384,6446.630870
16384,6547.696490
16384,6559.015770
16384,6447.732100
16384,6594.821120
16384,6453.320430

24576,6290.722407
24576,6388.722880
24576,6454.586340
24576,6304.164793
24576,6396.594747
24576,6436.677020
24576,6328.930460
24576,6335.190253

32768,6223.205895
32768,6227.326630
32768,6333.320375
32768,6337.617870
32768,6228.037875
32768,6223.498040
32768,6350.555780
32768,6335.377195

65536,6252.029228
65536,6174.889608
65536,6248.761085
65536,6222.512520
65536,6241.042567
65536,6129.305350
65536,6135.564255
65536,6157.705310

131072,6103.276420
131072,6101.213790
131072,6148.307639
131072,6221.787416
131072,6186.331256
131072,6129.645606
131072,6057.886596
131072,5798.291099

262144,6122.515143
262144,6057.392267
262144,6058.624554
262144,6166.299913
262144,6122.304886
262144,6107.335187
262144,6098.238446
262144,6092.616641

524288,6091.312720
524288,6113.580402
524288,6099.224010
524288,6051.603280
524288,6075.337892
524288,6111.572905
524288,6111.451639
524288,5824.276690

1048576,6143.923874
1048576,6305.684393
1048576,6106.110881
1048576,6321.680514
1048576,6217.044811
1048576,6172.204414
1048576,6157.341557
1048576,6112.176653

2097152,6100.169605
2097152,6146.804586
2097152,6061.631258
2097152,6068.138902
2097152,6088.955705
2097152,6117.426821
2097152,6075.358494
2097152,6077.042369

4194304,6105.175976
4194304,6191.068016
4194304,6189.769750
4194304,6104.470763
4194304,6105.460643
4194304,6191.173781
4194304,6122.442903
4194304,6103.409624

8388608,6118.587449
8388608,6100.005970
8388608,6171.725495
8388608,6090.740655
8388608,6116.612853
8388608,6116.502570
8388608,6093.763211
8388608,6114.787796

16777216,6037.765018
16777216,6069.513752
16777216,6115.495630
16777216,6060.620543
16777216,6069.331252
16777216,6028.841304
16777216,6057.819090
16777216,6036.489817

25165824,5990.530831
25165824,6001.995086
25165824,6018.081068
25165824,6106.375593
25165824,6032.563190
25165824,6018.227686
25165824,6009.765524
25165824,6024.144999

33554432,6120.889620
33554432,6099.381041
33554432,6144.392802
33554432,6165.832771
33554432,6099.780114
33554432,6089.274837
33554432,6266.306335
33554432,6195.273398

67108864,6307.935004
67108864,6233.749181
67108864,6215.611902
67108864,6315.010938
67108864,6263.215776
67108864,6324.161392
67108864,6233.359845
67108864,6236.581722

100663296,6195.507614
100663296,6155.807865
100663296,6158.907371
100663296,6153.429759
100663296,6161.831654
100663296,6152.946975
100663296,6160.561676
100663296,6166.042001

134217728,6033.600048
134217728,6056.951829
134217728,6093.646428
134217728,6012.162589
134217728,5998.483162
134217728,6008.518843
134217728,6010.305826
134217728,6140.261953

268435456,6067.152227
268435456,6084.636423
268435456,6078.879455
268435456,6083.789564
268435456,6053.685386
268435456,6077.521822
268435456,6056.270770
268435456,6073.302835

402653184,6088.964470
402653184,5988.620379
402653184,5985.335197
402653184,6175.193786
402653184,5983.664132
402653184,6147.261481
402653184,6003.036685
402653184,5996.980975

536870912,6119.449851
536870912,6125.876738
536870912,6118.237469
536870912,6228.226267
536870912,6120.268603
536870912,6097.268220
536870912,6120.938221
536870912,6123.117110

