4096,6907.122720
4096,6888.630400
4096,6918.327360
4096,6889.440200
4096,6970.208120
4096,6926.939320
4096,6937.136640
4096,7024.935360

8192,6938.120460
8192,6938.010540
8192,6963.481460
8192,6969.511860
8192,6927.554960
8192,6912.581000
8192,7029.766200
8192,6929.820040

12288,6972.701947
12288,7159.031520
12288,7184.682920
12288,7116.724320
12288,7123.151627
12288,7227.073280
12288,7140.251653
12288,7144.674080

16384,7153.344310
16384,7151.036640
16384,7154.391770
16384,7166.242060
16384,7115.085340
16384,7195.543590
16384,7143.441450
16384,7225.612670

24576,7059.587940
24576,7122.691527
24576,7077.094920
24576,7053.783600
24576,7106.067280
24576,7116.448120
24576,7036.066680
24576,7043.340460

32768,7163.976715
32768,7208.258930
32768,7185.320395
32768,7139.591715
32768,7202.387725
32768,7209.821280
32768,7141.501065
32768,7290.624560

65536,7147.887217
65536,7137.629050
65536,7146.637913
65536,7147.879365
65536,7138.485362
65536,7164.610840
65536,7162.076683
65536,7176.015505

131072,7185.629603
131072,7208.716080
131072,7214.676951
131072,7191.132965
131072,7207.113661
131072,7211.858627
131072,7175.997741
131072,7171.338885

262144,7221.289648
262144,7270.641809
262144,7295.339571
262144,7326.848485
262144,7318.678993
262144,7324.525334
262144,7322.963291
262144,7335.211795

524288,7170.941923
524288,7184.412108
524288,7201.542187
524288,7175.443414
524288,7193.131787
524288,7199.933455
524288,7202.620302
524288,7195.943397

1048576,7374.546913
1048576,7402.333990
1048576,7394.989542
1048576,7418.497462
1048576,7419.687416
1048576,7527.288766
1048576,7382.945822
1048576,7414.512442

2097152,7228.820526
2097152,7327.658614
2097152,7259.872972
2097152,7346.922415
2097152,7263.287007
2097152,7281.169514
2097152,7265.088894
2097152,7406.069764

4194304,7316.417182
4194304,7342.587862
4194304,7316.794983
4194304,7317.478794
4194304,7344.319614
4194304,7340.203274
4194304,7427.482249
4194304,7078.973753

8388608,6994.354307
8388608,7053.663595
8388608,6998.920960
8388608,7046.208105
8388608,7015.993091
8388608,7011.172145
8388608,7004.828230
8388608,7044.414629

16777216,7345.139314
16777216,7324.058349
16777216,7338.980375
16777216,7365.214534
16777216,7320.877104
16777216,7316.030229
16777216,7371.749117
16777216,7329.178750

25165824,7293.534100
25165824,7314.134336
25165824,7306.034030
25165824,7303.217610
25165824,7298.738235
25165824,7327.512309
25165824,7304.356396
25165824,7287.894405

33554432,7236.216332
33554432,7250.775316
33554432,7260.411754
33554432,7254.027301
33554432,7250.769740
33554432,7238.389398
33554432,7281.838293
33554432,7239.774697

67108864,7292.499945
67108864,7281.661980
67108864,7514.901437
67108864,7509.668856
67108864,7600.525601
67108864,7530.909872
67108864,7579.016542
67108864,7569.804339

100663296,7473.976642
100663296,7491.218529
100663296,7474.226777
100663296,7276.734682
100663296,7222.394521
100663296,7254.683972
100663296,7277.297830
100663296,7305.202864

134217728,7365.086186
134217728,7369.454321
134217728,7362.090396
134217728,7395.155527
134217728,7391.273870
134217728,7447.710827
134217728,7387.363114
134217728,7396.330078

268435456,7344.568629
268435456,7349.461361
268435456,7385.289175
268435456,7399.339309
268435456,7399.455710
268435456,7482.029324
268435456,7583.489073
268435456,7563.732100

402653184,7397.555209
402653184,7463.682180
402653184,7511.028058
402653184,7552.951572
402653184,7514.537828
402653184,7410.013860
402653184,7412.048127
402653184,7405.819699

536870912,7494.628218
536870912,7498.600044
536870912,7640.299427
536870912,7494.379540
536870912,7500.239660
536870912,7506.582519
536870912,7502.292349
536870912,7493.963391

