4096,7665.390280
4096,7538.671440
4096,7515.392640
4096,7542.110880
4096,7526.579360
4096,7528.880400
4096,7514.335000
4096,7571.254040

8192,6899.888980
8192,6804.481100
8192,6757.361320
8192,6728.317840
8192,6781.153280
8192,6759.314400
8192,6774.547440
8192,6761.781420

12288,6617.059587
12288,6722.180000
12288,6515.513707
12288,6557.208187
12288,6517.553387
12288,6556.422253
12288,6587.850067
12288,6570.901160

16384,6507.102660
16384,6461.246615
16384,6545.304320
16384,6408.346500
16384,6521.715250
16384,6436.345850
16384,6455.027310
16384,6411.596510

24576,6406.281073
24576,6362.104540
24576,6270.355600
24576,6274.870973
24576,6265.016033
24576,6301.550187
24576,6282.245447
24576,6317.160827

32768,6319.468265
32768,6196.822290
32768,6203.003633
32768,6298.421525
32768,6248.894580
32768,6271.852030
32768,6215.693620
32768,6252.384505

65536,6235.177355
65536,6147.631232
65536,6154.156595
65536,6116.580554
65536,6134.155160
65536,6166.258225
65536,6117.803734
65536,6149.281117

131072,6183.398259
131072,6076.318165
131072,6077.582679
131072,6075.874972
131072,6073.781735
131072,6073.105469
131072,6073.506479
131072,6077.520400

262144,6138.270862
262144,6045.751941
262144,6050.699876
262144,6046.348034
262144,6048.208308
262144,6047.776905
262144,6051.919474
262144,6098.284671

524288,6223.143238
524288,6109.727469
524288,6103.155060
524288,6100.068827
524288,6082.149183
524288,6128.070470
524288,6100.337306
524288,6108.205873

1048576,6317.648538
1048576,6173.424938
1048576,6237.798051
1048576,6235.594408
1048576,6185.650259
1048576,6268.253595
1048576,6247.838174
1048576,6211.855496

2097152,6214.239482
2097152,6154.091921
2097152,6169.137731
2097152,6177.801519
2097152,6170.078257
2097152,6232.163697
2097152,6162.272515
2097152,6161.959232

4194304,6252.280041
4194304,6169.467473
4194304,6157.374232
4194304,6151.115908
4194304,6171.641884
4194304,6162.657994
4194304,6178.827019
4194304,6208.560697

8388608,6235.978672
8388608,6059.578941
8388608,6169.314097
8388608,6119.932402
8388608,6216.534877
8388608,6130.868960
8388608,6117.801405
8388608,6117.874508

16777216,6319.039524
16777216,6331.352681
16777216,6220.435737
16777216,6261.240715
16777216,6261.933474
16777216,6210.089310
16777216,6282.528869
16777216,6246.507347

25165824,6339.293349
25165824,6225.275559
25165824,6359.526862
25165824,6289.130072
25165824,6271.466628
25165824,6312.625398
25165824,6263.623941
25165824,6238.655165

33554432,6321.574905
33554432,6176.862009
33554432,6161.850362
33554432,6173.019473
33554432,6177.811301
33554432,6255.065868
33554432,6173.760593
33554432,6160.812918

67108864,6428.253896
67108864,6325.861811
67108864,6292.047363
67108864,6240.126437
67108864,6285.152177
67108864,6259.436850
67108864,6319.553754
67108864,6197.658860

100663296,6357.923437
100663296,6260.124865
100663296,6209.656046
100663296,6214.215717
100663296,6203.810604
100663296,6241.524143
100663296,6212.511768
100663296,6208.468664

134217728,6358.279460
134217728,6240.830052
134217728,5983.363016
134217728,6190.114319
134217728,6202.810976
134217728,6221.898398
134217728,6169.588133
134217728,6188.726321

268435456,6445.209434
268435456,6270.866305
268435456,6328.983869
268435456,6232.613488
268435456,6240.596900
268435456,6250.452802
268435456,6277.312019
268435456,6226.511181

402653184,6451.476243
402653184,6314.770845
402653184,6279.250736
402653184,6163.693700
402653184,6418.983737
402653184,6327.990546
402653184,6302.523873
402653184,6288.289112

536870912,6502.054786
536870912,6414.736657
536870912,6332.981049
536870912,6347.157913
536870912,6405.077122
536870912,6313.956199
536870912,6291.009876
536870912,6292.825706

