4096,3743.114720
4096,3725.473000
4096,3716.917360
4096,3723.022920
4096,3715.489560

8192,3094.646060
8192,3058.725160
8192,3062.549660
8192,3059.433100
8192,3065.932320

12288,3086.740507
12288,3054.006733
12288,3057.509093
12288,3084.702467
12288,3042.358027

16384,3572.585740
16384,3541.533420
16384,3556.346550
16384,3548.037390
16384,3545.751050

24576,4762.192267
24576,4758.217560
24576,4752.644833
24576,4744.759680
24576,4748.266280

32768,4954.710035
32768,4943.711675
32768,4946.613675
32768,4953.654625
32768,4983.475095

65536,4755.907570
65536,4589.276988
65536,4437.807673
65536,4425.316607
65536,4533.852303

131072,4661.702466
131072,4659.905453
131072,4657.236654
131072,4447.798719
131072,4472.686331

262144,4576.004929
262144,4578.041111
262144,4573.800942
262144,4546.511993
262144,4566.628461

524288,4608.303533
524288,4620.046626
524288,4487.756355
524288,4621.850732
524288,4613.997920

1048576,4629.328814
1048576,4644.251755
1048576,4504.577398
1048576,4584.893573
1048576,4566.065130

2097152,4678.442039
2097152,4573.393788
2097152,4673.204845
2097152,4675.248198
2097152,4636.345211

4194304,4588.584627
4194304,4676.066416
4194304,4656.766411
4194304,4654.358786
4194304,4648.677907

8388608,4711.019438
8388608,4701.784444
8388608,4716.215143
8388608,4699.041345
8388608,4712.506330

16777216,4718.600782
16777216,4613.286562
16777216,4652.237234
16777216,4711.107544
16777216,4721.011283

25165824,4747.547027
25165824,4747.479677
25165824,4706.522469
25165824,4679.145069
25165824,4744.399730

33554432,4810.710428
33554432,4815.217465
33554432,4804.627625
33554432,4698.861742
33554432,4805.593805

67108864,4823.513214
67108864,4839.088524
67108864,4814.275279
67108864,4824.148204
67108864,4695.361359

100663296,4740.322647
100663296,4845.775665
100663296,4834.746705
100663296,4828.905815
100663296,4854.808559

134217728,4854.626021
134217728,5144.324956
134217728,5199.452589
134217728,4852.813422
134217728,4777.755688

268435456,4924.044602
268435456,4930.776052
268435456,5023.053570
268435456,5076.460520
268435456,5072.011390

402653184,5297.980023
402653184,5982.864825
402653184,5318.922776
402653184,5239.739115
402653184,5027.565374

536870912,5037.476106
536870912,6312.624668
536870912,5478.092572
536870912,5462.921829
536870912,5362.229647

