4096,3748.193000
4096,3705.307520
4096,3703.024920
4096,3711.423120
4096,3706.097560

8192,3024.263580
8192,2986.087040
8192,2986.189680
8192,2985.702820
8192,2985.113340

12288,2756.266280
12288,2725.028173
12288,2718.735093
12288,2722.359880
12288,2720.075053

16384,2879.125230
16384,2854.744970
16384,9612.513400
16384,2854.508570
16384,2859.446040

24576,4727.755567
24576,4563.315307
24576,4644.289860
24576,4714.065653
24576,4501.417240

32768,4488.501040
32768,4475.421515
32768,4477.914295
32768,4473.146205
32768,4597.964250

65536,4639.692788
65536,4640.744752
65536,4641.888770
65536,4630.081750
65536,4643.903770

131072,4541.381202
131072,4534.717908
131072,4535.857958
131072,4574.689311
131072,4538.268826

262144,4487.059271
262144,4457.564315
262144,4700.193566
262144,4486.360266
262144,4485.809674

524288,4462.651982
524288,4802.217249
524288,4433.697991
524288,4736.684486
524288,4440.600884

1048576,4624.494731
1048576,4739.168848
1048576,4353.833346
1048576,4549.035465
1048576,4364.461722

2097152,4478.328678
2097152,4741.897100
2097152,4365.572669
2097152,4742.416669
2097152,4350.129977

4194304,4643.490943
4194304,4711.644220
4194304,4372.042616
4194304,4667.236199
4194304,4352.619471

8388608,4370.128744
8388608,4721.901798
8388608,4365.097118
8388608,4709.360208
8388608,4377.892046

16777216,4712.914867
16777216,4392.566374
16777216,4376.370589
16777216,4408.347319
16777216,4365.051952

25165824,4387.886940
25165824,4420.220287
25165824,4334.287274
25165824,4418.949276
25165824,4345.558397

33554432,4405.488050
33554432,4691.251879
33554432,4314.612791
33554432,4559.951677
33554432,4296.578163

67108864,4437.836054
67108864,4649.500497
67108864,4258.621002
67108864,4687.413244
67108864,4312.168260

100663296,4620.529137
100663296,4488.578964
100663296,4362.176156
100663296,4352.930820
100663296,4374.621125

134217728,4245.722632
134217728,4344.889782
134217728,4333.340828
134217728,4255.000913
134217728,4300.301943

268435456,4390.492665
268435456,4395.276661
268435456,4384.984911
268435456,4395.895409
268435456,4381.546968

402653184,4476.080842
402653184,4521.274997
402653184,4468.322268
402653184,4470.697853
402653184,4474.566352

536870912,4948.610247
536870912,4973.038488
536870912,4954.267532
536870912,4955.652298
536870912,4960.262759

