4096,3756.076200
4096,3722.498320
4096,3722.741320
4096,3720.931120
4096,3718.596960

8192,3087.985020
8192,3040.624260
8192,3045.402000
8192,3040.391540
8192,3045.113640

12288,3070.185853
12288,3041.600600
12288,3030.717987
12288,3031.803813
12288,3032.497547

16384,3512.138420
16384,3454.320100
16384,3479.570500
16384,3422.344260
16384,3482.159220

24576,4704.918993
24576,4691.235307
24576,4699.708900
24576,4645.969360
24576,4694.696100

32768,4835.133780
32768,4795.701870
32768,4844.405980
32768,4839.075050
32768,4712.251730

65536,4625.540028
65536,4625.759958
65536,4533.371130
65536,4624.260912
65536,4616.743475

131072,4513.681827
131072,4501.266277
131072,4506.004829
131072,4506.204084
131072,4498.972121

262144,4379.031337
262144,4237.373401
262144,4411.272548
262144,4412.665871
262144,4421.626744

524288,4436.111652
524288,4412.427902
524288,4412.625417
524288,4414.335645
524288,4399.464292

1048576,4394.377096
1048576,4390.742501
1048576,4372.971151
1048576,4391.849401
1048576,4414.807440

2097152,4396.665253
2097152,4401.206049
2097152,4397.248478
2097152,4369.452711
2097152,4398.350388

4194304,4373.788750
4194304,4373.239257
4194304,4368.495468
4194304,4355.796875
4194304,4380.640759

8388608,4418.351378
8388608,4411.816301
8388608,4420.533730
8388608,4418.310713
8388608,4419.166188

16777216,4408.001907
16777216,4402.538048
16777216,4411.737032
16777216,4417.848530
16777216,4409.791363

25165824,4405.137049
25165824,4408.396033
25165824,4413.660004
25165824,4411.049661
25165824,4408.457835

33554432,4469.526564
33554432,4468.024431
33554432,4468.829916
33554432,4469.593277
33554432,4463.998291

67108864,4431.130967
67108864,4430.631228
67108864,4425.155467
67108864,4428.943740
67108864,4428.600865

100663296,4396.504747
100663296,4427.401906
100663296,4400.045911
100663296,4402.391013
100663296,4403.963207

134217728,4412.050854
134217728,4416.009270
134217728,4410.489503
134217728,4407.452832
134217728,4413.921612

268435456,4406.685941
268435456,4412.619787
268435456,4414.777157
268435456,4401.707890
268435456,4409.044310

402653184,4469.627546
402653184,4526.186425
402653184,4459.016944
402653184,4478.911445
402653184,4460.871486

536870912,4399.883933
536870912,4508.343853
536870912,4411.143639
536870912,4410.767587
536870912,4408.905315

