4096,3761.369880
4096,3717.883040
4096,3725.582640
4096,3709.436560
4096,3732.225960

8192,3069.798280
8192,3024.369640
8192,3046.966980
8192,3025.413180
8192,3046.654240

12288,3071.397240
12288,3027.312800
12288,3033.419973
12288,3024.999453
12288,3063.642533

16384,3571.381670
16384,3540.099850
16384,3539.253400
16384,3535.147530
16384,3467.598990

24576,4751.885220
24576,6714.247333
24576,4759.409567
24576,4750.601200
24576,4757.151680

32768,4969.344910
32768,4945.734225
32768,4958.738295
32768,4949.530542
32768,4957.442235

65536,4747.028258
65536,4736.819427
65536,4753.985233
65536,4749.558762
65536,4738.801050

131072,4665.753659
131072,4659.945084
131072,4659.359515
131072,4658.839320
131072,4661.925815

262144,4574.602379
262144,4573.436024
262144,4574.440926
262144,4613.647894
262144,4518.623716

524288,4492.641126
524288,4679.449253
524288,4603.129980
524288,4779.017166
524288,4603.814993

1048576,4644.836008
1048576,4950.517558
1048576,4605.553339
1048576,4682.749979
1048576,4505.636688

2097152,4733.694619
2097152,4783.701796
2097152,4671.113560
2097152,4772.369281
2097152,4668.658390

4194304,4782.730186
4194304,4966.698919
4194304,4650.615303
4194304,4969.730622
4194304,4510.344169

8388608,4984.030233
8388608,4776.100288
8388608,4717.688059
8388608,5033.503375
8388608,4762.474328

16777216,4752.985298
16777216,4751.442640
16777216,4693.748022
16777216,4774.729491
16777216,4737.237753

25165824,4746.425924
25165824,4785.891246
25165824,4725.246402
25165824,4747.370545
25165824,4741.637794

33554432,4715.450178
33554432,4825.353626
33554432,4700.364938
33554432,4826.507708
33554432,4852.073222

67108864,4794.464646
67108864,4844.852417
67108864,4858.115018
67108864,4844.537027
67108864,4833.737955

100663296,4875.819313
100663296,5884.526218
100663296,4834.980783
100663296,4833.400874
100663296,4830.180338

134217728,4850.266240
134217728,4852.244068
134217728,4848.666508
134217728,4846.431031
134217728,4846.182624

268435456,4937.932725
268435456,4933.461740
268435456,4931.508879
268435456,5011.895771
268435456,5103.478331

402653184,5416.906167
402653184,5825.555027
402653184,5047.256847
402653184,6761.316119
402653184,5242.838898

536870912,5033.855721
536870912,6156.226781
536870912,5273.692423
536870912,6791.343181
536870912,5356.377091

