4096,3799.292920
4096,3766.921640
4096,3769.810520
4096,3760.366600
4096,3771.137760

8192,3005.246300
8192,3002.634160
8192,2967.866460
8192,2967.094660
8192,2968.154720

12288,2758.844173
12288,2729.000547
12288,2723.064507
12288,2724.511013
12288,2723.177280

16384,2918.959950
16384,2881.419730
16384,2881.646620
16384,2884.269180
16384,2910.068590

24576,4782.967167
24576,4773.148953
24576,4774.461420
24576,4776.494780
24576,4789.122380

32768,4869.415275
32768,4857.658105
32768,4870.047750
32768,4755.417040
32768,4856.789985

65536,4750.955405
65536,4729.279010
65536,4743.332443
65536,4752.009600
65536,4579.811060

131072,4699.842314
131072,4691.581853
131072,4693.326182
131072,4690.712658
131072,4694.316627

262144,4646.878045
262144,4532.276311
262144,4645.368063
262144,4640.452996
262144,4646.822706

524288,4613.769339
524288,4651.081804
524288,4567.144673
524288,4601.434569
524288,4637.115207

1048576,4608.370918
1048576,4621.842488
1048576,4480.613584
1048576,4613.537929
1048576,4595.336718

2097152,4620.538226
2097152,4620.504434
2097152,4618.161751
2097152,4620.524370
2097152,4615.827143

4194304,4637.671527
4194304,4640.223791
4194304,4633.358186
4194304,4641.294305
4194304,4635.366243

8388608,4661.980598
8388608,4656.037364
8388608,4638.358905
8388608,4656.310775
8388608,4651.573534

16777216,4668.482429
16777216,4679.031454
16777216,4661.179215
16777216,4578.631588
16777216,4645.330315

25165824,4678.457786
25165824,4733.588592
25165824,4670.390750
25165824,4672.375172
25165824,4666.943924

33554432,4658.341807
33554432,4851.253975
33554432,4662.893964
33554432,4662.842394
33554432,4669.079843

67108864,4739.619742
67108864,5086.318092
67108864,4738.716106
67108864,4737.877521
67108864,4735.930318

100663296,4806.828659
100663296,4847.214959
100663296,4813.078075
100663296,4810.114204
100663296,4817.856487

134217728,4845.534723
134217728,4875.059736
134217728,4830.069378
134217728,4901.873829
134217728,4823.931551

268435456,4924.947736
268435456,4963.938030
268435456,4954.188513
268435456,4921.135339
268435456,4915.626161

402653184,5472.185082
402653184,5137.820146
402653184,5336.515352
402653184,5478.914332
402653184,5413.440023

536870912,6139.571142
536870912,7844.960407
536870912,6730.060340
536870912,6508.432681
536870912,6586.721699

